MAE: 1.936717491577296
RMSE: 7.645875352279659
